list(
  Period = c(1, 2, 3, 4, 5, 6, 7, 8, 9, 10, 11, 12, 13, 14, 15, 16, 45, 46, 47, 48, 49, 50, 51, 52, 53, 54, 55, 56, 57, 58, 59, 60, 61, 62, 63, 64, 65, 66, 67, 68, 69, 70, 95, 96, 97, 98, 99, 100, 101, 102, 103, 104, 105, 106, 107, 108, 109, 110, 111, 112, 113, 114, 115, 116, 117, 118, 119, 120, 121, 122, 123, 124, 125, 126, 127, 128, 129, 130, 131, 132, 133, 134, 135, 136, 171, 172, 173, 174, 175, 176, 177, 178, 179, 180, 181, 182, 183, 184, 185, 186, 187, 188, 189, 190, 191, 192, 193, 194),
  Seeded = c(S, U, S, U, S, U, U, S, U, S, S, U, S, U, S, U, S, U, U, S, S, U, U, S, U, S, S, U, U, S, U, S, U, S, S, U, S, U, U, S, S, U, U, S, S, U, U, S, U, S, U, S, S, U, S, U, S, U, S, U, S, U, S, U, U, S, S, U, U, S, S, U, U, S, U, S, U, S, U, S, S, U, S, U, U, S, S, U, S, U, U, S, S, U, S, U, U, S, S, U, S, U, S, U, S, U, S, U),
  Season = c(Autumn, Autumn, Winter, Winter, Winter, Winter, Winter, Winter, Spring, Spring, Spring, Spring, Spring, Spring, Summer, Summer, Summer, Summer, Summer, Summer, Autumn, Autumn, Autumn, Autumn, Autumn, Autumn, Winter, Winter, Winter, Winter, Winter, Winter, Winter, Winter, Spring, Spring, Spring, Spring, Spring, Spring, Summer, Summer, Spring, Spring, Spring, Spring, Spring, Spring, Summer, Summer, Summer, Summer, Summer, Summer, Summer, Summer, Autumn, Autumn, Autumn, Autumn, Autumn, Autumn, Autumn, Autumn, Winter, Winter, Winter, Winter, Winter, Winter, Spring, Spring, Spring, Spring, Spring, Spring, Summer, Summer, Summer, Summer, Summer, Summer, Summer, Summer, Autumn, Autumn, Autumn, Autumn, Autumn, Autumn, Autumn, Autumn, Winter, Winter, Winter, Winter, Winter, Winter, Winter, Winter, Spring, Spring, Spring, Spring, Spring, Spring, Spring, Spring),
  TE = c(1.69, 0.74, 0.81, 1.44, 2.48, 0.84, 0.37, 0.37, 1.33, 3.38, 0.69, 1.42, 0.44, 0.76, 1.13, 0.88, 0.17, 0.25, 0.78, 0.4, 0.52, 2.73, 0.9, 1.62, 0.93, 0.63, 0.42, 0.64, 0.3, 0.88, 0.76, 1.25, 1.08, 1.11, 3.43, 0.54, 0.39, 2.53, 0.81, 0.39, 0.86, 2.16, 1.7, 1.22, 0.07, 0.49, 0.71, 1.67, 0.73, 1.79, 0.19, 0.0, 0.44, 0.31, 0.96, 1.04, 0.05, 0.04, 1.83, 2.24, 2.5, 1.1, 1.83, 1.41, 0.74, 1.09, 0.79, 4.06, 0.4, 0.76, 1.53, 0.56, 1.74, 1.59, 1.91, 2.09, 1.59, 0.66, 0.68, 0.46, 0.22, 1.11, 1.76, 5.12, 0.12, 0.37, 4.97, 0.57, 0.13, 2.47, 1.01, 0.55, 0.24, 2.36, 2.35, 2.23, 1.16, 1.63, 1.08, 6.0, 2.67, 0.36, 0.58, 1.36, 1.17, 2.37, 0.02, 0.92),
  TW = c(3.73, 0.78, 0.86, 2.01, 4.61, 2.39, 1.37, 0.84, 2.31, 5.56, 1.46, 2.79, 1.05, 1.24, 2.28, 1.58, 0.55, 0.77, 1.45, 0.34, 0.79, 2.09, 2.45, 2.54, 2.11, 1.31, 1.23, 0.43, 0.69, 1.32, 1.25, 1.0, 0.99, 0.8, 2.55, 0.43, 0.44, 3.18, 0.89, 1.22, 1.24, 2.29, 2.18, 2.0, 0.22, 1.07, 1.73, 3.46, 1.51, 3.13, 1.05, 0.15, 0.89, 1.15, 0.88, 1.2, 0.06, 0.2, 2.93, 2.17, 3.99, 1.71, 3.87, 2.99, 1.36, 3.56, 1.43, 6.71, 0.64, 1.83, 3.62, 2.88, 3.45, 3.19, 4.74, 5.23, 3.92, 2.22, 0.42, 1.08, 0.62, 1.7, 1.19, 5.25, 0.6, 0.65, 3.03, 1.53, 0.54, 4.7, 2.32, 1.13, 0.61, 1.15, 4.29, 4.3, 3.06, 3.31, 3.17, 6.15, 6.93, 0.15, 1.41, 3.43, 1.65, 1.94, 0.08, 2.09),
  NC = c(1.65, 1.09, 2.39, 2.96, 4.16, 2.76, 1.08, 0.26, 2.53, 2.76, 1.07, 1.42, 0.24, 0.7, 0.97, 1.06, 0.13, 0.1, 0.38, 0.45, 0.42, 2.24, 0.52, 0.94, 1.19, 0.76, 0.13, 1.5, 1.03, 1.87, 1.85, 2.04, 1.44, 1.46, 5.08, 0.66, 0.49, 3.27, 1.33, 0.25, 0.69, 2.12, 1.45, 2.13, 0.02, 0.36, 0.72, 1.02, 0.18, 1.83, 0.08, 0.0, 0.83, 0.01, 2.65, 1.27, 0.01, 0.35, 1.8, 4.44, 2.84, 2.05, 3.01, 2.58, 2.22, 0.07, 1.62, 4.34, 1.03, 1.5, 1.52, 0.37, 2.14, 2.36, 1.71, 2.12, 1.38, 0.21, 0.48, 0.01, 0.15, 1.32, 2.26, 5.95, 0.19, 0.31, 1.44, 0.3, 0.11, 3.66, 1.14, 1.3, 0.05, 1.84, 4.24, 1.99, 2.44, 2.21, 0.8, 9.42, 2.74, 0.0, 0.96, 1.38, 1.22, 2.46, 0.05, 0.61),
  SC = c(1.8, 0.79, 0.36, 1.27, 2.16, 0.87, 0.85, 0.47, 1.08, 3.1, 0.64, 1.08, 0.44, 0.67, 1.66, 1.13, 0.27, 0.3, 0.58, 0.43, 0.47, 4.02, 1.32, 1.59, 0.85, 0.71, 0.59, 0.24, 0.22, 0.58, 1.36, 0.71, 1.0, 1.48, 1.77, 0.73, 0.55, 2.68, 0.43, 0.46, 0.49, 0.95, 1.47, 1.13, 0.08, 0.87, 0.99, 1.89, 1.42, 1.82, 0.4, 0.04, 0.38, 0.44, 0.85, 1.39, 0.23, 0.75, 1.62, 1.05, 2.44, 1.3, 1.66, 1.21, 0.61, 2.26, 1.16, 3.29, 0.58, 0.41, 1.62, 1.25, 1.0, 1.53, 2.03, 2.77, 2.11, 1.41, 0.59, 0.65, 0.13, 0.57, 1.04, 3.97, 0.28, 0.23, 3.14, 0.72, 0.14, 1.84, 0.81, 0.34, 0.38, 1.73, 1.67, 1.9, 1.52, 2.36, 2.25, 3.6, 3.03, 0.19, 0.64, 1.86, 2.28, 2.47, 0.02, 0.87),
  NWC = c(3.33, 1.59, 2.06, 4.05, 6.0, 4.17, 3.45, 0.9, 3.65, 5.06, 1.95, 1.22, 0.94, 0.94, 2.21, 1.46, 0.35, 0.34, 0.67, 0.44, 0.53, 2.52, 2.18, 1.73, 2.31, 1.28, 0.91, 1.15, 1.88, 2.97, 2.17, 2.22, 1.64, 0.4, 4.2, 0.91, 0.51, 3.6, 2.18, 0.89, 0.69, 1.82, 2.2, 2.33, 0.24, 0.57, 0.98, 2.47, 0.71, 3.11, 0.57, 0.04, 0.7, 0.66, 1.48, 1.2, 0.1, 0.2, 3.02, 3.59, 4.48, 4.04, 4.56, 3.95, 2.68, 2.08, 2.87, 6.4, 1.77, 2.56, 2.86, 1.74, 4.39, 3.03, 3.24, 4.44, 3.01, 0.8, 0.68, 0.48, 0.42, 1.54, 1.27, 5.37, 0.7, 0.83, 0.86, 1.38, 0.58, 5.36, 2.09, 2.45, 0.9, 2.33, 5.48, 3.67, 4.01, 3.25, 2.79, 7.84, 6.39, 0.06, 1.24, 2.91, 1.58, 2.39, 0.09, 1.35),
  T = c(2.71, 0.76, 0.835, 1.725, 3.545, 1.615, 0.87, 0.605, 1.82, 4.47, 1.075, 2.105, 0.745, 1.0, 1.705, 1.23, 0.36, 0.51, 1.115, 0.37, 0.655, 2.41, 1.675, 2.08, 1.52, 0.97, 0.825, 0.535, 0.495, 1.1, 1.005, 1.125, 1.035, 0.955, 2.99, 0.485, 0.415, 2.855, 0.85, 0.805, 1.05, 2.225, 1.94, 1.61, 0.145, 0.78, 1.22, 2.565, 1.12, 2.46, 0.62, 0.075, 0.665, 0.73, 0.92, 1.12, 0.055, 0.12, 2.38, 2.205, 3.245, 1.405, 2.85, 2.2, 1.05, 2.325, 1.11, 5.385, 0.52, 1.295, 2.575, 1.72, 2.595, 2.39, 3.325, 3.66, 2.755, 1.44, 0.55, 0.77, 0.42, 1.405, 1.475, 5.185, 0.36, 0.51, 4.0, 1.05, 0.335, 3.585, 1.665, 0.84, 0.425, 1.755, 3.32, 3.265, 2.11, 2.47, 2.125, 6.075, 4.8, 0.255, 0.995, 2.395, 1.41, 2.155, 0.05, 1.505),
  C = c(2.26, 1.157, 1.603, 2.76, 4.107, 2.6, 1.793, 0.543, 2.42, 3.64, 1.22, 1.24, 0.54, 0.77, 1.613, 1.217, 0.25, 0.247, 0.543, 0.44, 0.473, 2.927, 1.34, 1.42, 1.45, 0.917, 0.543, 0.963, 1.043, 1.807, 1.793, 1.657, 1.36, 1.113, 3.683, 0.767, 0.517, 3.183, 1.313, 0.533, 0.623, 1.63, 1.707, 1.863, 0.113, 0.6, 0.897, 1.793, 0.77, 2.253, 0.35, 0.027, 0.637, 0.37, 1.66, 1.287, 0.113, 0.433, 2.147, 3.027, 3.253, 2.463, 3.077, 2.58, 1.837, 1.47, 1.883, 4.677, 1.127, 1.49, 2.0, 1.12, 2.51, 2.307, 2.327, 3.11, 2.167, 0.807, 0.583, 0.38, 0.233, 1.143, 1.523, 5.097, 0.39, 0.457, 1.813, 0.8, 0.277, 3.62, 1.347, 1.363, 0.443, 1.967, 3.797, 2.52, 2.657, 2.607, 1.947, 6.953, 4.053, 0.083, 0.947, 2.05, 1.693, 2.44, 0.053, 0.943),
  DIFF = c(0.45, -0.397, -0.768, -1.035, -0.562, -0.985, -0.923, 0.062, -0.6, 0.83, -0.145, 0.865, 0.205, 0.23, 0.092, 0.013, 0.11, 0.263, 0.572, -0.07, 0.182, -0.517, 0.335, 0.66, 0.07, 0.053, 0.282, -0.428, -0.548, -0.707, -0.788, -0.532, -0.325, -0.158, -0.693, -0.282, -0.102, -0.328, -0.463, 0.272, 0.427, 0.595, 0.233, -0.253, 0.032, 0.18, 0.323, 0.772, 0.35, 0.207, 0.27, 0.048, 0.028, 0.36, -0.74, -0.167, -0.058, -0.313, 0.233, -0.822, -0.008, -1.058, -0.227, -0.38, -0.787, 0.855, -0.773, 0.708, -0.607, -0.195, 0.575, 0.6, 0.085, 0.083, 0.998, 0.55, 0.588, 0.633, -0.033, 0.39, 0.187, 0.262, -0.048, 0.088, -0.03, 0.053, 2.187, 0.25, 0.058, -0.035, 0.318, -0.523, -0.018, -0.212, -0.477, 0.745, -0.547, -0.137, 0.178, -0.878, 0.747, 0.172, 0.048, 0.345, -0.283, -0.285, -0.003, 0.562)
)